1
99 100
30 74
20 57
25 74
20 66
20 68
56 63
5 44
66 89
66 87
66 91
66 99
0 44
0 48
41 44
0 50
61 97
51 74
0 60
97 98
0 73
46 87
0 84
0 85
0 97
72 74
26 73
11 44
57 69
57 76
16 97
57 94
1 74
6 87
47 87
37 73
17 29
7 8
42 97
2 8
73 83
2 21
2 22
63 77
63 80
63 81
63 87
53 66
63 95
2 52
58 87
2 62
2 73
2 74
12 97
43 74
2 82
18 20
18 27
18 28
23 44
18 36
8 14
74 75
33 87
18 54
3 20
64 66
18 59
13 66
18 79
49 66
49 67
18 96
29 31
39 57
44 71
29 38
49 88
44 78
49 93
29 49
44 90
29 73
34 87
70 74
24 73
9 44
29 92
19 74
65 87
55 66
4 49
45 49
35 57
40 74
15 18
20 32
86 97
10 18
