5
100 387
40 96
20 49
0 5
20 61
61 64
0 31
20 84
0 37
0 43
61 88
41 43
41 50
41 55
0 63
21 22
21 23
0 79
0 82
41 80
0 96
41 97
1 3
1 4
82 98
21 59
1 12
21 68
1 21
1 24
21 79
1 33
1 35
21 87
1 40
62 85
62 86
21 93
21 94
62 95
42 49
1 58
1 61
22 23
22 33
42 90
22 45
22 46
83 91
42 98
22 68
22 71
81 86
2 34
63 82
2 42
2 43
22 94
2 57
2 64
43 63
43 72
2 85
43 86
43 95
2 99
3 4
3 11
23 59
3 23
23 76
3 32
3 33
23 83
64 83
64 84
44 55
44 56
3 68
3 76
3 77
24 32
3 85
24 33
3 88
44 84
24 39
44 91
85 88
85 94
24 51
4 17
4 20
65 70
24 77
4 30
65 76
65 80
24 95
4 48
4 51
45 56
45 62
45 68
45 70
4 81
45 77
4 86
4 94
4 95
86 91
25 60
5 24
25 72
66 76
66 80
25 89
66 85
5 45
66 94
66 95
5 57
5 64
5 71
46 73
5 88
46 84
5 92
46 93
46 99
26 60
6 17
67 73
6 31
67 76
67 83
67 85
26 90
26 99
6 57
6 58
47 64
47 71
47 74
27 29
6 83
47 95
27 56
7 11
7 13
7 22
7 23
27 74
68 70
7 29
27 84
27 90
7 47
27 95
68 92
48 54
7 62
7 64
7 66
7 67
7 83
48 93
89 95
8 10
28 59
28 58
28 62
28 71
28 77
28 81
69 78
28 84
69 81
8 39
8 42
8 43
28 92
28 94
8 53
8 63
8 65
8 66
49 69
49 75
29 32
8 91
90 91
29 48
70 79
70 81
70 85
70 94
50 51
50 62
50 68
9 73
50 69
9 86
50 87
30 40
9 98
91 92
30 50
30 55
30 58
10 11
30 59
30 67
10 23
10 33
71 78
10 37
10 39
71 86
10 57
51 54
51 53
10 61
51 73
51 80
31 33
10 86
31 34
51 90
31 43
31 51
31 53
11 12
31 63
31 65
31 67
11 20
31 81
72 93
11 53
11 63
52 60
11 83
32 35
52 92
32 61
32 62
12 16
32 64
32 67
32 70
73 76
32 81
12 36
12 40
12 46
73 91
12 61
12 67
12 72
12 73
53 68
53 84
53 88
12 96
33 45
94 95
33 65
13 22
33 79
13 33
13 34
74 78
74 87
13 53
13 57
13 61
13 67
13 70
13 73
13 92
54 97
95 96
34 59
14 19
34 68
14 37
14 38
34 86
34 85
34 89
14 42
34 91
75 81
75 89
75 99
14 65
14 78
14 84
35 47
55 99
15 23
35 74
35 76
35 80
76 79
15 42
76 88
76 96
15 56
15 63
56 63
15 71
15 73
56 71
56 79
56 83
15 95
56 94
56 96
36 51
36 59
36 70
16 32
16 36
77 81
16 39
36 87
77 85
77 86
77 87
36 94
36 96
36 97
16 65
16 67
57 65
16 72
16 73
57 68
16 76
16 77
57 77
16 86
37 45
37 54
17 18
37 80
37 81
37 87
37 88
78 85
78 94
58 66
17 74
58 83
17 97
38 46
58 97
38 55
18 19
38 83
18 37
79 83
38 89
79 90
18 62
59 79
59 80
18 88
39 44
59 96
39 52
39 62
39 63
19 25
39 92
80 92
80 96
19 66
19 73
40 51
40 53
20 25
40 90
20 45
20 46
81 91
100 390
20 54
20 61
0 16
0 34
20 83
61 79
61 87
0 45
0 47
20 95
20 45
0 54
0 66
41 63
41 62
0 73
21 23
0 76
21 25
21 26
41 71
21 28
0 86
0 87
41 86
41 99
82 98
21 68
62 70
21 76
1 31
1 38
1 41
21 89
1 43
42 61
42 82
1 87
22 36
83 91
83 93
83 97
22 59
63 74
22 80
2 38
22 88
22 96
2 50
2 51
63 94
43 58
2 68
2 69
43 65
43 76
2 81
43 78
23 30
43 79
23 35
43 86
43 90
43 99
3 10
3 23
3 26
3 32
3 33
64 79
3 37
3 41
64 87
64 91
23 98
64 95
3 54
44 53
3 60
44 56
44 61
24 25
3 79
24 28
44 76
3 86
24 46
24 47
44 98
24 56
24 59
4 14
24 73
4 28
65 73
4 35
65 81
24 92
65 91
45 46
4 51
65 96
4 71
45 68
45 77
25 35
4 96
25 45
25 44
25 49
5 6
25 58
25 62
5 15
5 20
25 69
66 69
5 26
66 71
25 79
5 32
66 84
25 96
5 50
66 95
46 48
46 53
46 70
5 75
5 78
46 75
46 76
26 32
5 86
26 35
5 90
46 89
46 92
87 91
87 95
87 99
26 61
26 62
6 15
6 16
6 20
6 21
67 75
67 77
26 86
67 89
26 95
26 99
6 54
47 67
6 73
6 74
47 70
6 76
47 85
27 44
88 90
6 99
88 95
27 70
7 27
27 75
27 78
7 42
27 92
48 49
68 98
7 57
48 68
48 69
48 86
28 40
48 90
48 92
48 97
89 96
89 99
8 12
8 15
28 64
28 66
28 69
28 71
69 71
69 72
28 81
8 53
8 54
8 57
49 64
8 69
49 69
8 78
49 82
8 88
49 85
8 90
8 98
29 60
9 13
9 17
29 66
9 32
29 80
70 79
9 45
29 93
9 50
50 55
9 69
9 73
9 82
30 33
30 36
30 54
10 19
10 23
71 72
71 73
71 76
10 38
10 49
10 52
71 98
10 56
51 82
51 91
31 67
31 77
31 82
31 85
72 85
11 44
11 51
11 59
52 55
11 64
11 75
11 81
52 84
32 37
52 90
52 94
32 61
32 72
12 29
73 76
73 78
73 79
12 41
32 89
12 47
32 95
73 91
73 92
53 57
12 68
53 75
53 83
53 86
33 45
33 52
33 54
13 14
33 89
74 87
33 93
54 66
13 84
13 86
34 35
54 85
34 38
34 40
54 89
13 96
34 62
34 64
14 23
14 24
34 75
14 30
75 78
14 35
34 86
75 95
14 56
14 57
14 60
55 61
14 66
55 74
35 43
35 44
35 56
35 61
15 21
15 23
15 34
15 38
15 41
76 87
15 56
56 58
15 82
56 95
56 97
36 70
16 28
77 83
16 44
36 97
16 53
57 61
16 66
57 64
16 81
16 89
16 90
57 88
37 41
37 44
57 92
16 99
57 95
57 98
57 99
98 99
37 61
37 62
17 20
17 21
37 72
17 35
17 37
78 82
37 87
78 83
37 99
17 56
17 65
17 79
17 83
17 87
58 84
58 83
17 92
38 45
38 48
38 64
18 23
38 83
18 36
79 83
79 86
38 97
79 99
18 77
59 84
18 92
18 93
59 88
39 65
19 20
39 68
19 23
39 72
39 81
80 81
39 88
39 94
39 96
19 49
80 92
19 52
19 53
19 71
60 72
60 80
40 43
40 51
40 64
20 34
20 37
40 93
100 387
0 9
20 69
0 22
61 79
0 36
20 87
0 43
20 93
0 47
0 48
0 54
0 55
41 75
41 81
0 86
21 36
21 40
82 85
0 96
21 44
82 91
82 92
41 99
1 12
1 13
21 71
21 74
1 29
1 43
21 91
62 89
1 47
42 43
62 91
1 65
1 66
1 68
42 67
22 24
1 79
42 83
42 84
1 93
22 41
22 49
42 97
42 98
22 52
22 62
63 65
22 76
22 83
2 37
2 53
43 49
43 57
2 66
2 67
2 68
43 65
43 66
43 69
43 71
2 79
2 80
23 30
84 85
23 44
2 98
84 90
3 4
23 74
64 78
23 83
3 37
3 40
23 89
23 95
44 48
44 52
3 61
3 67
3 68
3 69
24 28
3 81
24 32
24 35
44 87
44 89
3 97
3 99
44 98
24 51
4 21
4 24
24 80
24 81
24 84
65 83
65 91
4 56
4 60
4 67
4 77
25 29
45 80
4 86
4 89
25 44
86 89
4 98
25 47
25 48
25 49
45 96
25 52
5 16
25 66
5 21
25 74
5 37
66 87
46 55
46 64
5 77
5 82
5 83
5 86
26 41
26 57
26 59
6 27
6 28
67 76
67 84
26 90
6 43
47 52
47 54
47 69
6 74
6 75
6 76
6 79
27 30
6 85
47 83
27 40
6 96
6 98
88 94
27 53
7 14
27 68
7 22
7 25
7 26
27 83
27 87
27 90
68 90
68 92
68 98
48 54
48 57
7 67
48 66
7 88
7 89
28 42
28 45
28 51
89 96
8 9
28 62
8 16
28 66
8 20
8 24
8 29
69 77
69 89
8 47
8 52
69 99
49 62
8 71
49 68
8 76
8 77
49 74
49 77
29 33
49 81
49 85
8 90
29 47
29 52
29 65
29 66
29 67
29 68
9 22
9 26
70 86
70 94
9 68
50 75
9 86
30 39
9 96
91 99
10 25
30 82
10 35
30 86
71 84
71 87
10 44
30 92
10 53
71 99
10 65
51 69
10 80
10 81
51 83
10 91
51 87
31 41
11 21
31 73
11 35
11 36
11 37
31 84
11 45
52 55
52 68
11 74
11 77
52 74
52 78
52 84
11 93
32 45
32 49
32 62
12 18
12 20
32 71
32 79
32 83
32 84
73 93
12 55
53 62
12 67
12 71
12 76
53 73
12 83
33 39
53 87
33 42
53 99
33 56
33 63
33 70
33 79
13 33
33 85
13 41
74 90
33 98
13 51
33 99
13 57
13 58
54 64
13 71
13 74
13 85
34 65
14 25
34 73
14 31
34 85
34 87
34 89
14 50
75 96
55 65
55 80
55 81
55 86
55 90
55 92
35 48
55 98
35 51
35 56
35 59
15 23
35 71
35 74
15 31
35 80
15 45
15 46
76 95
56 57
56 64
15 74
56 72
15 86
56 83
15 92
36 45
15 98
36 47
16 17
16 28
36 76
16 30
36 81
16 35
77 84
36 92
16 48
77 96
16 56
16 62
16 67
57 76
57 79
57 82
16 96
37 44
98 99
37 59
17 21
17 29
37 82
17 46
17 47
78 97
17 56
17 66
17 69
58 72
17 79
17 86
17 89
38 50
38 59
38 69
18 23
38 77
18 45
18 50
18 51
18 56
18 81
59 77
59 79
18 94
59 91
39 48
39 73
39 84
80 88
80 93
19 53
19 56
60 61
60 63
19 95
40 44
40 57
40 65
40 66
20 22
20 26
40 76
40 92
100 363
20 49
81 94
61 62
61 63
20 82
20 88
0 47
41 47
0 61
0 65
41 69
21 23
41 77
41 80
0 84
0 85
41 81
41 84
0 89
82 85
0 94
21 47
62 64
21 78
21 80
21 86
62 83
1 43
21 95
62 94
1 51
1 54
1 59
1 60
22 24
1 85
42 86
42 91
42 97
22 51
63 64
22 72
63 69
2 26
63 72
2 33
63 81
22 88
63 87
2 59
43 61
2 76
23 29
43 78
23 38
23 41
23 44
2 97
23 45
23 58
64 77
23 85
3 40
23 90
64 87
23 96
3 50
3 53
44 57
24 26
24 35
3 93
3 95
85 88
85 89
24 59
4 15
65 70
65 71
24 76
65 76
24 95
4 48
65 91
45 47
65 98
4 59
45 66
4 83
45 81
25 35
25 40
86 87
86 92
25 53
25 58
5 17
5 18
5 32
25 91
5 52
46 59
5 68
5 69
46 66
46 65
5 85
5 89
5 93
5 99
26 49
46 97
6 8
26 63
6 19
26 70
67 73
26 80
26 81
67 76
67 80
6 39
26 99
47 56
47 69
6 74
47 79
6 90
27 43
27 49
7 26
27 76
68 73
27 82
27 83
68 81
7 39
7 40
27 89
68 83
68 86
48 53
7 67
48 67
48 69
48 77
7 84
28 39
48 93
89 90
48 96
89 94
8 15
28 70
28 74
28 75
28 77
28 80
28 93
28 96
8 62
8 86
29 45
49 95
49 99
29 76
29 77
70 73
9 31
29 82
29 89
70 87
29 94
29 96
9 50
70 94
50 52
9 90
9 91
9 92
30 39
30 45
9 98
50 94
30 56
10 13
30 62
10 17
30 68
10 24
30 78
30 80
30 81
71 80
30 96
10 50
71 98
10 66
51 64
51 71
51 88
92 93
31 50
92 95
92 96
11 21
31 71
11 24
72 79
11 39
72 84
31 90
72 86
31 95
72 91
52 64
52 65
11 73
11 76
52 74
11 84
52 83
52 87
32 43
32 45
52 98
93 95
93 96
32 62
12 24
12 26
32 80
12 33
32 83
32 84
32 85
32 89
73 99
53 61
53 73
12 81
12 86
33 43
53 94
94 98
33 74
33 75
13 28
13 30
13 31
13 35
74 98
13 58
54 66
13 77
13 86
13 87
34 35
54 82
54 85
13 92
34 46
95 96
34 59
14 24
34 83
14 38
75 84
14 48
75 95
14 52
14 57
14 63
14 64
14 72
14 76
14 77
55 72
35 52
35 63
35 80
35 86
35 87
15 42
35 92
76 93
76 99
56 62
56 64
15 70
56 83
56 84
36 37
36 48
36 60
36 65
16 20
36 72
77 79
36 88
77 95
16 55
16 66
37 45
37 51
37 57
37 71
17 28
78 79
17 39
78 84
17 44
37 92
78 93
17 55
17 64
58 62
58 63
58 64
17 70
58 79
58 83
17 91
58 89
17 96
58 92
38 48
38 54
18 32
38 80
18 38
38 89
38 90
79 87
79 85
38 93
38 94
18 56
18 65
59 61
18 69
59 72
59 75
18 84
18 96
18 97
39 45
18 99
59 92
39 62
39 67
19 22
39 87
19 60
19 70
60 69
60 77
19 97
40 45
40 70
20 34
81 83
81 87
100 382
20 58
0 18
20 71
20 76
61 72
0 30
61 79
0 42
61 98
0 62
0 64
0 68
41 70
41 72
0 85
0 92
0 99
1 3
21 52
1 14
62 70
1 40
42 45
62 98
42 66
1 81
42 77
22 32
22 33
42 80
42 92
83 93
42 99
83 97
22 59
22 62
22 66
2 21
63 65
63 69
43 46
2 53
2 57
43 60
43 82
84 87
2 96
84 88
23 51
23 59
3 16
3 20
3 23
64 67
3 27
64 72
23 78
3 36
23 86
64 85
3 44
3 49
64 93
44 49
44 50
3 55
64 99
44 57
24 27
24 33
85 86
85 88
3 97
24 49
85 94
85 95
24 56
4 28
65 73
4 31
4 35
65 83
4 50
65 97
45 56
45 59
4 69
4 72
4 78
25 29
45 80
45 91
86 87
4 99
25 47
45 95
25 50
86 91
25 64
5 21
25 76
66 80
25 87
66 86
5 48
66 95
46 63
46 66
46 76
26 35
5 97
26 46
87 91
46 96
87 93
87 95
26 54
87 98
26 60
26 61
6 19
26 67
6 23
67 70
6 31
67 77
67 80
6 37
67 86
67 88
6 49
67 95
47 55
6 65
6 74
47 71
47 76
47 82
27 45
27 53
88 98
27 59
7 12
27 64
7 28
27 76
7 30
68 75
7 35
7 36
27 90
7 44
7 45
68 94
27 99
48 50
48 56
48 63
48 64
7 72
7 73
7 90
28 41
28 46
89 90
89 94
28 55
28 61
8 17
69 81
8 38
69 89
69 92
69 94
8 68
8 73
49 72
8 81
29 31
29 37
49 85
29 42
49 91
90 91
29 62
29 63
29 67
29 70
9 32
70 77
9 34
70 79
70 80
9 39
29 87
9 42
29 95
70 99
9 59
9 60
9 66
50 63
50 66
9 74
50 79
9 88
9 89
50 88
9 94
91 98
91 99
30 56
10 11
10 13
10 20
30 69
10 25
71 74
10 36
71 83
30 88
30 90
10 45
10 48
71 98
51 55
10 66
10 67
31 34
10 94
31 54
92 99
11 18
11 30
31 90
31 91
11 46
72 90
11 66
11 70
11 80
11 85
11 91
32 40
12 13
32 62
32 63
12 16
32 80
12 35
32 83
32 86
12 40
32 92
32 95
73 96
53 55
12 62
12 71
12 79
12 89
12 92
33 41
53 90
33 57
13 23
13 29
13 35
13 41
13 45
33 93
74 99
13 62
54 58
13 67
13 70
54 74
54 83
34 39
34 40
54 89
34 44
34 48
34 54
34 59
14 18
14 24
14 27
75 76
34 83
34 85
75 82
34 99
14 60
55 66
14 80
14 87
35 36
14 90
14 92
35 40
55 91
35 56
35 95
35 98
15 52
56 65
56 74
15 79
15 89
36 40
56 88
36 42
56 93
36 48
36 76
16 36
16 39
16 40
77 83
36 92
16 46
16 61
16 64
57 77
57 78
16 86
16 90
37 46
57 97
37 54
37 58
37 65
17 28
37 77
78 87
78 89
17 56
58 61
58 74
58 78
17 86
17 88
58 85
38 60
38 84
79 86
18 47
18 48
38 96
18 50
18 54
18 62
59 63
59 73
18 83
59 88
39 47
59 97
39 52
39 69
39 70
39 88
80 87
39 95
80 94
19 51
39 99
60 68
60 71
60 79
60 85
19 95
60 94
60 95
20 26
20 30
20 32
20 35
20 38
20 39
81 84
