4
21
6 9
3 10
0 4
3 13
7 17
0 1
2 19
5 16
5 6
2 11
0 18
9 14
7 9
9 15
3 16
8 15
6 18
4 7
16 19
12 15
7 19
165
0 1
2 98
86 87
92 99
13 98
27 98
53 99
56 57
64 99
69 99
0 2
43 98
56 99
67 99
74 99
92 93
94 99
34 98
38 98
48 49
96 97
17 98
22 98
24 26
30 98
33 98
42 44
9 11
19 98
39 40
71 72
96 99
29 98
30 31
47 98
49 98
51 52
54 99
53 54
59 99
68 69
16 98
7 98
14 98
28 98
50 51
59 60
70 99
93 99
41 98
54 55
60 61
75 76
20 98
33 35
8 98
26 98
30 32
65 66
66 67
86 99
88 99
1 98
46 98
72 73
27 28
44 98
60 99
61 99
87 88
31 98
57 99
63 99
71 99
74 75
89 90
9 98
18 98
18 20
58 99
75 99
82 99
84 99
6 98
15 16
36 37
62 63
80 99
0 98
10 98
36 98
45 47
69 70
73 99
91 99
98 99
4 98
12 98
15 17
21 98
40 98
48 98
62 99
81 99
95 99
97 99
3 4
45 46
11 98
25 98
32 98
39 98
45 98
55 99
85 99
93 94
21 23
23 98
27 29
33 34
42 43
78 79
3 98
12 14
24 25
37 98
51 99
78 99
80 81
83 99
35 98
48 50
66 99
68 99
77 99
3 5
6 7
50 99
76 99
79 99
81 82
89 99
6 8
15 98
72 99
77 78
95 96
18 19
39 41
87 99
5 98
42 98
63 64
9 10
12 13
65 99
83 84
90 91
21 22
24 98
36 38
52 99
57 58
84 85
90 99
161
0 27
38 39
50 51
52 53
64 72
64 92
65 86
0 28
59 99
61 99
98 99
64 77
65 89
65 91
0 34
45 99
96 99
64 91
65 85
62 99
65 66
65 79
0 14
0 23
40 41
46 47
64 75
65 90
0 22
43 99
35 36
37 38
54 55
64 81
64 84
65 95
0 6
61 62
63 64
64 79
64 93
65 70
65 92
65 93
0 13
41 99
48 49
64 65
64 88
39 99
49 50
64 94
53 54
56 99
58 99
65 72
0 24
52 99
64 76
65 71
65 84
65 98
0 18
0 35
48 99
57 99
64 66
0 30
42 43
62 63
49 99
59 60
64 69
65 94
55 99
43 44
65 68
65 77
0 3
47 99
95 99
64 67
0 1
0 11
0 32
64 80
64 89
0 9
64 73
65 75
65 80
65 88
65 97
0 20
0 25
46 99
65 81
65 83
0 19
0 29
37 99
64 99
51 52
64 78
64 87
65 73
0 4
0 12
0 26
0 33
64 70
64 82
64 85
0 10
0 16
51 99
60 99
60 61
64 83
65 87
0 15
0 31
36 37
58 59
36 99
97 99
65 82
42 99
44 99
54 99
65 96
0 5
0 8
40 99
57 58
65 76
0 2
47 48
64 71
65 78
35 99
53 99
44 45
64 68
64 74
65 67
0 17
0 21
0 99
38 99
50 99
39 40
41 42
55 56
56 57
45 46
64 86
65 69
0 7
64 90
65 74
182
0 23
0 31
0 37
6 91
43 92
0 25
8 91
9 91
10 91
23 92
32 92
87 93
0 2
0 26
0 8
21 92
50 93
64 91
81 93
84 93
0 44
0 48
0 56
11 91
89 93
75 76
77 78
0 28
17 92
48 93
69 91
75 91
84 85
85 86
54 93
79 93
85 93
88 89
0 12
0 49
34 92
44 92
53 93
88 93
0 60
4 91
86 87
0 9
0 13
0 41
0 53
38 92
67 91
61 62
66 67
1 91
24 92
41 92
59 93
89 90
0 24
73 91
78 79
81 82
0 14
0 46
0 51
0 54
2 91
76 93
64 65
74 75
0 29
0 42
13 91
29 92
61 91
74 91
82 93
0 52
3 91
14 91
92 93
65 91
62 63
63 64
15 91
20 92
37 92
56 93
71 72
0 15
0 17
0 19
0 30
31 92
49 93
60 93
0 10
0 33
0 34
0 50
0 55
7 91
18 92
70 71
0 5
22 92
25 92
52 93
66 91
70 91
0 20
0 32
12 91
30 92
71 91
86 93
90 93
79 80
0 7
0 38
0 47
19 92
27 92
39 92
40 92
63 91
68 91
80 93
83 84
0 57
57 93
91 92
42 92
55 93
83 93
69 70
87 88
0 61
33 92
73 74
82 83
0 4
0 11
16 92
35 92
51 93
0 40
45 92
47 93
72 91
0 16
0 18
78 93
80 81
0 21
0 45
77 93
65 66
0 27
0 36
0 39
5 91
28 92
36 92
62 91
0 1
26 92
46 93
76 77
0 58
67 68
68 69
72 73
0 3
0 6
0 22
0 35
0 43
0 59
58 93