4
20 21
0 1
0 4
5 16
0 18
9 14
9 15
4 7
8 15
3 10
3 13
3 16
12 15
7 9
7 17
7 19
2 11
16 19
2 19
6 9
6 18
5 6
100 165
0 1
0 2
40 98
71 72
81 99
66 67
35 98
76 99
56 57
30 98
71 99
51 52
25 98
66 99
20 98
36 37
36 38
61 99
15 98
56 99
97 99
10 98
21 23
21 22
92 93
51 99
92 99
87 88
5 98
46 98
6 7
6 8
87 99
0 98
77 78
41 98
72 73
82 99
36 98
62 63
77 99
31 98
57 58
72 99
26 98
67 99
42 43
42 44
21 98
62 99
16 98
57 99
27 28
27 29
98 99
11 98
93 94
52 99
93 99
6 98
12 13
12 14
47 98
83 84
88 99
1 98
78 79
42 98
83 99
68 69
37 98
78 99
63 64
32 98
73 99
53 54
27 98
48 49
48 50
68 99
22 98
63 99
17 98
33 35
33 34
58 99
12 98
53 99
18 19
18 20
94 99
7 98
89 90
48 98
84 85
89 99
2 98
43 98
3 4
3 5
74 75
84 99
38 98
69 70
79 99
33 98
59 60
74 99
54 55
28 98
69 99
23 98
64 99
39 40
39 41
18 98
59 99
13 98
24 25
24 26
54 99
95 96
95 99
8 98
90 91
49 98
90 99
3 98
9 11
9 10
80 81
44 98
85 99
75 76
39 98
80 99
65 66
34 98
60 61
75 99
29 98
50 51
70 99
24 98
45 47
45 46
65 99
19 98
60 99
30 31
30 32
14 98
55 99
96 97
96 99
9 98
50 99
15 16
15 17
86 87
91 99
4 98
45 98
81 82
86 99
100 161
0 1
0 2
0 3
0 4
0 5
0 6
0 7
0 8
0 9
0 10
0 11
0 12
0 13
0 14
0 15
0 16
0 17
0 18
0 19
0 20
0 21
0 22
0 23
0 24
0 25
0 26
0 27
0 28
0 29
0 30
0 31
0 32
0 33
0 34
0 35
51 52
46 47
41 42
36 37
61 99
56 99
97 99
51 99
46 99
0 99
41 99
36 99
62 63
57 58
52 53
47 48
40 99
42 43
37 38
62 99
57 99
98 99
52 99
35 99
47 99
42 99
37 99
63 64
58 59
53 54
48 49
43 44
38 39
58 99
53 99
61 62
48 99
56 57
43 99
65 74
38 99
64 74
64 65
64 66
64 67
64 68
64 69
64 70
64 71
59 60
64 72
64 73
64 75
64 76
64 77
64 78
54 55
64 79
64 81
64 80
64 82
64 84
64 85
49 50
64 87
64 88
64 89
64 83
64 91
64 92
44 45
64 93
64 94
64 90
65 82
64 99
39 40
59 99
65 87
64 86
54 99
95 99
49 99
44 99
39 99
65 66
65 67
65 68
65 69
65 70
65 71
65 72
60 61
65 73
65 75
65 76
65 77
65 78
65 79
55 56
65 80
65 81
65 83
65 84
65 85
65 86
50 51
65 88
65 89
65 90
65 91
65 92
65 93
45 46
65 95
65 94
65 97
65 98
65 96
40 41
35 36
60 99
55 99
96 99
50 99
45 99
94 182
0 1
0 2
0 3
0 4
0 5
0 6
0 7
0 8
0 9
0 10
0 11
0 12
0 13
0 14
0 15
0 16
0 17
0 18
0 19
0 20
0 21
0 22
0 23
0 24
0 25
0 26
0 27
0 28
0 29
0 30
0 31
0 32
0 33
0 34
0 35
0 36
0 37
0 38
0 39
0 40
0 41
0 42
0 43
0 44
0 45
0 46
0 47
0 48
0 49
0 50
0 51
0 52
0 53
0 54
0 55
0 56
0 57
0 58
0 59
0 60
0 61
15 91
56 93
10 91
51 93
92 93
5 91
87 88
46 93
87 93
82 83
41 92
77 78
82 93
72 73
36 92
67 68
77 93
62 63
31 92
72 91
26 92
67 91
21 92
62 91
35 92
16 92
57 93
11 91
52 93
6 91
47 93
88 89
88 93
1 91
83 84
42 92
30 92
78 79
83 93
73 74
37 92
68 69
78 93
32 92
63 64
73 91
27 92
68 91
25 92
22 92
71 72
63 91
17 92
58 93
81 93
66 67
12 91
53 93
7 91
61 62
48 93
20 92
89 90
89 93
2 91
84 85
43 92
79 80
84 93
76 93
74 75
38 92
79 93
69 70
33 92
64 65
74 91
28 92
69 91
71 91
23 92
64 91
18 92
59 93
13 91
54 93
8 91
49 93
66 91
90 93
3 91
85 86
44 92
80 81
85 93
39 92
75 76
80 93
70 71
34 92
65 66
75 91
61 91
29 92
70 91
24 92
65 91
19 92
60 93
14 91
55 93
9 91
50 93
91 92
4 91
86 87
45 92
86 93
81 82
40 92
76 77
