182
0 23
0 31
0 37
6 91
43 92
0 25
8 91
9 91
10 91
23 92
32 92
87 93
0 2
0 26
0 8
21 92
50 93
64 91
81 93
84 93
0 44
0 48
0 56
11 91
89 93
75 76
77 78
0 28
17 92
48 93
69 91
75 91
84 85
85 86
54 93
79 93
85 93
88 89
0 12
0 49
34 92
44 92
53 93
88 93
0 60
4 91
86 87
0 9
0 13
0 41
0 53
38 92
67 91
61 62
66 67
1 91
24 92
41 92
59 93
89 90
0 24
73 91
78 79
81 82
0 14
0 46
0 51
0 54
2 91
76 93
64 65
74 75
0 29
0 42
13 91
29 92
61 91
74 91
82 93
0 52
3 91
14 91
92 93
65 91
62 63
63 64
15 91
20 92
37 92
56 93
71 72
0 15
0 17
0 19
0 30
31 92
49 93
60 93
0 10
0 33
0 34
0 50
0 55
7 91
18 92
70 71
0 5
22 92
25 92
52 93
66 91
70 91
0 20
0 32
12 91
30 92
71 91
86 93
90 93
79 80
0 7
0 38
0 47
19 92
27 92
39 92
40 92
63 91
68 91
80 93
83 84
0 57
57 93
91 92
42 92
55 93
83 93
69 70
87 88
0 61
33 92
73 74
82 83
0 4
0 11
16 92
35 92
51 93
0 40
45 92
47 93
72 91
0 16
0 18
78 93
80 81
0 21
0 45
77 93
65 66
0 27
0 36
0 39
5 91
28 92
36 92
62 91
0 1
26 92
46 93
76 77
0 58
67 68
68 69
72 73
0 3
0 6
0 22
0 35
0 43
0 59
58 93
