161
0 27
38 39
50 51
52 53
64 72
64 92
65 86
0 28
59 99
61 99
98 99
64 77
65 89
65 91
0 34
45 99
96 99
64 91
65 85
62 99
65 66
65 79
0 14
0 23
40 41
46 47
64 75
65 90
0 22
43 99
35 36
37 38
54 55
64 81
64 84
65 95
0 6
61 62
63 64
64 79
64 93
65 70
65 92
65 93
0 13
41 99
48 49
64 65
64 88
39 99
49 50
64 94
53 54
56 99
58 99
65 72
0 24
52 99
64 76
65 71
65 84
65 98
0 18
0 35
48 99
57 99
64 66
0 30
42 43
62 63
49 99
59 60
64 69
65 94
55 99
43 44
65 68
65 77
0 3
47 99
95 99
64 67
0 1
0 11
0 32
64 80
64 89
0 9
64 73
65 75
65 80
65 88
65 97
0 20
0 25
46 99
65 81
65 83
0 19
0 29
37 99
64 99
51 52
64 78
64 87
65 73
0 4
0 12
0 26
0 33
64 70
64 82
64 85
0 10
0 16
51 99
60 99
60 61
64 83
65 87
0 15
0 31
36 37
58 59
36 99
97 99
65 82
42 99
44 99
54 99
65 96
0 5
0 8
40 99
57 58
65 76
0 2
47 48
64 71
65 78
35 99
53 99
44 45
64 68
64 74
65 67
0 17
0 21
0 99
38 99
50 99
39 40
41 42
55 56
56 57
45 46
64 86
65 69
0 7
64 90
65 74
