165
0 1
2 98
86 87
92 99
13 98
27 98
53 99
56 57
64 99
69 99
0 2
43 98
56 99
67 99
74 99
92 93
94 99
34 98
38 98
48 49
96 97
17 98
22 98
24 26
30 98
33 98
42 44
9 11
19 98
39 40
71 72
96 99
29 98
30 31
47 98
49 98
51 52
54 99
53 54
59 99
68 69
16 98
7 98
14 98
28 98
50 51
59 60
70 99
93 99
41 98
54 55
60 61
75 76
20 98
33 35
8 98
26 98
30 32
65 66
66 67
86 99
88 99
1 98
46 98
72 73
27 28
44 98
60 99
61 99
87 88
31 98
57 99
63 99
71 99
74 75
89 90
9 98
18 98
18 20
58 99
75 99
82 99
84 99
6 98
15 16
36 37
62 63
80 99
0 98
10 98
36 98
45 47
69 70
73 99
91 99
98 99
4 98
12 98
15 17
21 98
40 98
48 98
62 99
81 99
95 99
97 99
3 4
45 46
11 98
25 98
32 98
39 98
45 98
55 99
85 99
93 94
21 23
23 98
27 29
33 34
42 43
78 79
3 98
12 14
24 25
37 98
51 99
78 99
80 81
83 99
35 98
48 50
66 99
68 99
77 99
3 5
6 7
50 99
76 99
79 99
81 82
89 99
6 8
15 98
72 99
77 78
95 96
18 19
39 41
87 99
5 98
42 98
63 64
9 10
12 13
65 99
83 84
90 91
21 22
24 98
36 38
52 99
57 58
84 85
90 99
